1341444936796475433
834182494793629758
216303189073461248
224852704868958208
801695774068834314
275343991090839553
360169387715592214
688706666757357589
452036501904031744
199250753813086209
200385422638055424
228725385984999425
152159815802552320
659610391369875486
525469233698570261
380493322310909963
355560027362295809
136548858833534977
335698376190328833
363080933370232833
138479511195877377
148596612040491009
294592959041503242
241931647866372097
254960164220698624
143114926116831232
792243601555718174
215584622849949696
735337084184952852
733153024226230333
347461345605713922
237384590732427264
191682202004619264
246525994817683456
151963499965186048
200012111450079232
119689147026898944
238096248458969088
254704021405696000
170693733531123712
151207678142709760
460565455094939659
265815826093965312
182318706079170560
269306106017349643
561007147555487754
808519889568268300
827809737374302238
363502886216269824
387164898469216263
710978124309069833
162750421142601730
275348227165913089
172519609176555520
435046828031868938
515980240808312858
196740500877737993
337223732290519041
162800800454672384
142824589313966080
189571275637653504
199210012877258753
178962534471172096
201374386480087040
201648078225145856
218277283289497601
164977776108109825
214481155733454851
478819310874394624
818610447086518302
261956649454010371
524372922261962758
320633534689837057
151863996457156609
93538319975067648
280743904905789441
497502472559001601
306838573145915394
160105678206140416
82330883117293568
106246060518703104
278833831329660928
153827169217413120
215220864679936000
183834503003766793
822762203706556467
467106881635090432
68877775590666240
312199212274286592
252317664863715328
157292600917884938
454713066932666379
259215514809794561
189609971321667585
192023004002123777
158789873845665792
334810975666438144
198444354656927747
177848912529326081
338629580153683969
245203488206749717
281243411347144705
266352868183900180
806068790940663819
336622037126742019
184607057629020160
140250395401256960
282348369827856384
318946336584237057
185594672733749250
277617415678853121
237372278831185921
324921596999630849
693707474339102781
140882066177916928
295628419989897227
143153942690398208
372971375326920716
491444571214184450
203012953564250112
684686944579616810
191420874690134016
519770604124241942
168113864767045632
288819258895630338
353554038786097152
440017642670129152
514463579701772288
459168984697143296
839759252124991499
757425433045237792
188761364662059009
125684304234676225
407267918280130561
354010860051628033
485170003717390336
275011808086196225
183359913139896320
749672799660015616
384027946567860265
161298898713968640
800597646611841034
470807368041496597
508377045005500447
216432897119354881
837894759036747838
476913438812012575
404445404030173216
361991805517955073
767863046247809045
527636339089211393
259095805300834304
275005513790390272
85514874121101312
476623066047184896
144185830964068352
526943486168137728
282283277610516481
698323861229273160
855479233412595723
426319398522060801
190933934048149514
395802085767118849
283669852873555968
273891870831280129
299140222380146688
428318001503404032
307374868863778820
843006922600087553
480515564352307201
411775663444328459
819974585545785404
371013755351465984
249375255515103232
711230531223945288
285177325400621059
806432236659539988
816591997607084114
160618618646691841
292643387582971905
820081111769022534
853086994086625301
696241968866394142
185847430737035264
140490185589653504
255001624118820865
332692986968276993
561450249755951135
553675097840287863
825122608743710750
721349147596292096
864733459566166036
714320367002452029
168840237475168256
174356024537513985
334969559327047692
144168911938519040
217460394506059776
760923133489840139
711994320298967060
348121842177015822
535982478234746912
539923144450899978
430357678636924929
282010351439052800
278262872046305291
101533155827142656
254005721497206794
108105619239657472
87194346733985792
674594736455024650
728188295615611001
211303397662523393
182074868970291201
651853559247142922
875099101354680331
812961527727915048
800710099274301451
233754256484728832
297393789071392774
234076488801058817
504279515086979072
280112459392745473
318071769732743169
474034422320988160
213360682328915969
306511861094940683
97444940937703424
372873847457972226
351932685930856448
188925233590173696
680941014420029513
668929639753973770
144308736083755009
628967944143241250
695886167274684416
85477211078950912
405233908104560641
205781518210170881
888178677471391774
555192336246636555
816110108723118111
466676859170455571
672249822182506526
653052813479510064
324510170719715338
104470073565020160
385514147913138186
805668871595229225
582346570800824321
432479035340226560
893619447003222057
655593331354632222
132009741290307584
428005119817154562
706530969846284310
402125716877082624
744391024100638760
653773931035230240
660136972127305753
880146700524724225
405325998532591628
675655713510522890
740818309066391612
771020194012987412
274798883668885515
397891617819983882
451445024786350080
280133201186258944
891174348080177152
215269705043279874
295311909278973954
876637159715655680
640211839170379818
913839166918369360
162472516437147648
907624084492415147
824106172248227841
545821770062757889
723844094610112593
359587407789817856
766059633185783848
350843969594327052
172759916099010561
757481505126744174
813544843741233162
689473007223308368
430002637560086538
912649498885505024
897619836807561227
385952766230528012
743596138690641952
751603179665227866
498231292069150730
674933486922235904
817179609443336243
464568735265718273
222401762840018964
938134276946415706
892535272699478077
273652042957062145
865264162295906314
941064637380706344
858319334622232616
160854666559619073
730121237308768358
917173866797891624
523460924921872384
124559074250588160
252502191363850240
157292077833519104
161704281823510528
92023761355702272
939607732162539590
256431776933609473
773098362429898753
528288734416863258
231264258225078272
487218951705591808
223106655217254403
173557306057818112
565178173885644802
163713802439753728
133719277881524227
143547981658980352
126918879111938049
225858867085574144
189873471956844544
427976494992588802
196783756051349506
252950991404531714
119973917874978816
314233599316459521
210851739228831744
277753566956093440
653459550187552769
361195201366065154
906963112366850090
234152320898826241
192306087351812097
519614117309317121
296805395563937792
402276772441227264
762160068690706452
705563346900090911
941002797900513321
356881507706470400
787476399085584454
193215796665778176
233001003866128384
255212949340160002
965868412154818590
95554671963287552
554727565172932638
279660712757035019
308038147944611840
968719801864302592
380509291313889280
193571694521221120
661022264745132054
283007477904179200
817670748113600523
592033514376134669
769761438368923668
825121391115501620
971389562897182770
153974360439390209
260921870000324609
928044286145077318
596587485685874718
355099155754123265
150087535706636289
267389510281723905
502950099434078228
973781525470535730
864598238844944385
372052716286902282
618288933058641922
187716429670383616
213203913409560577
970778658052644926
547145680141942815
262779169979629569
286211304224456704
197903695625584650
812142147767762985
903427161363447851
500125185031143427
297189903777792004
856208881981456404
310770688598212609
421152647786004491
510852730986692638
973321242495029258
721186873212403744
592843284766916681
331526364656173056
852172799228248094
671928147691962399
398033480564342786
342066659638509578
545818301541122070
232235893568569346
957459497645916302
860683225817808906
846274314746855464
683535246872150134
957778651238236262
799790762845798432
984765730773934080
994584851015549088
676462126486913029
188663789682425856
955623371272486942
133805299843858432
653254260447772702
297452659860963329
505175057945853952
445612005102190593
772281535524765727
975610727501029426
141652266498260992
954990166177636352
797261724663152642
838798110397956126
760566048549240864
993612490455916594
167884836076388352
331542303279808512
875413771147952169
704442404412850277
62685567489417216
1016351359542493274
453028002909913110
260478979713138688
790398731857821726
844409034706649149
1018760355389902888
719440713472802826
192452307185565697
385844674964750337
397262403093528578
739366643494420502
165557295588179968
150754132041400320
234004625315856386
861881026845474816
634524229873827872
848752277451964437
236344120744869888
342544484032184331
871792366984511569
684219720173748306
798827626352607283
795460145143742465
184148952260542464
732184952514543657
1017526811137159279
287579661389660162
1029757208814161990
333361447629357059
1048309916995162174
345731418577698817
728779521855193108
662763163049001038
234196597242724353
203231399430324224
758085771381964920
228976689483350016
485597424325492749
211585370389872640
297621193597648906
913601582296363048
383451748376772619
993215399195848744
1058524628638781460
934406785442406451
988356372313817158
1042065656826310736
234544022125936640
538141789618438144
219559116102696970
618898346316267537
107450009124884480
324347614420140047
413364923876507649
606979112342650880
453321561697550336
284774333891477505
310201898735108097
169693854847467523
132459646366646272
298124564615921674
251375056213508097
579917404595945472
939282522444009513
231468563829882880
580235186978160672
698363549893918751
797014394134593566
706465466545078302
346880544635748354
1085075934241099797
725913030017286205
825123331450863616
1078457310185267330
143821225767075840
229742057948708866
448620361291137025
761983250826264576
227957947634941964
709769841955045446
222745649668554752
797598155034198066
762857191182041108
1059037334915526656
151570691668443136
1004201751886442546
399973344348471309
863863009680425010
711081472194248725
193363577535463425
323953939005571072
670357685719400472
197170596675584000
337062905717719041
849132086102327307
396002588039970837
480810539350622209
627696019634913290
198238273573748736
95607847399718912
267239499451465728
862053849643876372
380123173980602368
140306250297638912
1098366002904977471
305956552227946498
951679098500038667
564123641936085006
709715603870711830
250136530222448642
431143176569487380
467437211252424735
224249153973256192
176152276996587522
200367763158597642
88336972883456000
264161817322848277
417031954521915403
509270779687469076
1117180636504006699
1117560550000427058
329491190586146816
745840058627653662
634728971262623764
1122347291488039012
810125134509244426
1123699583181140028
121166534658752512
193160649063399424
226829266019549186
849075256752734239
202936240226566144
423285264052649985
956495319770730586
932823703207690241
678373116392767502
908395223556706384
112584633475989504
975899970106437633
448557758812389386
1119248873211310090
528340519122763791
755558008725176360
310783327248318464
486650791927611392
416217932813828107
512044075378016285
314951247532654603
729499328703627265
742078216851947580
201902319724396554
1105929788302053406
361854666750820352
93493159434129408
326939210227646464
698920761959645234
794635629954727957
305450086249529344
501144695095951360
444678679986176001
279842295019339776
254837566124195842
1150176161826099200
547256686675492881
699310313018884136
466462421817622528
772795044272013342
321712522707206146
352182068861468692
1095171904878420068
1006803533368131644
734925685755478046
302580847477915648
1000172878911778908
338126704990224386
587130311490404353
435912318950309889
1172920260354121738
875967110365446165
786054256402235422
870271507786518548
400145625288802307
465971015105773589
858906187775737857
395522882702147585
498423094583623681
140915997384245248
241264105955131392
856437170898468864
369207381093122051
451483364826939433
445327088971677706
185853939520897026
455021910560997397
140696186980925441
273325471540707328
177248067223945216
1196495009772470423
444558124184240128
1196702474711597088
994634719012593864
936350248471781396
1002333257590915122
971079312130318377
741824754985598976
203753288657534977
581939832712986645
1054584345404387328
256817266035785729
489052937071493151
1191870265878134938
1206992247334244503
257988340236681217
376522707195396118
1212078315192586283
1211933521892089907
1143727867440672888
549055191597580309
1220193058814165012
730954223843409970
865101770018390026
876344366631890966
1080854577269723198
597451693168525313
426850010983038978
1206705625707585566
125703138450604032
1204569250153635892
1097670309496229979
1103875280336072765
362789554287017994
84115904450789376
840958554000850944
170987960362205184
527129091682336781
97408709080150016
198922967327965184
284192245219983360
794676627539099699
146414888481193984
439279104806617108
249381272168824833
633895118717583370
978837772288811058
1060211898680877196
968356805103222784
735890491278753893
441279479982325760
319224725530214401
226505203241844737
415335943046955028
234613016790958081
141101190317342720
302873890969878539
1214764429321965590
352246295081254913
1211121865867919451
429039895483252767
357945928390279173
1203394164679778375
449975206677577730
199392937316974592
1150972219074293810
228870527463325696
297483973293113345
323456208243654656
478610565959516175
591720553308749844
1252174941365993474
445111476378927104
690974825027469363
1016035378190352495
264053445613453313
258755946090725377
393665167071641601
765072690536120360
242089695478153216
1160170378954547290
491842135276912640
281790895114944512
323636667531526154
462776220782952450
649723872207175680
1227648668383838301
325340145005887490
1275945852606742602
1282215279254048793
124729675309121539
844257640658108446
416744842039918593
1176933971179876358
516634774115450911
129805943134355456
1183862342455402599
1296238347584405594
265227441021255681
523025384598536206
279363183737700362
1216054317791056042
1248269976473960539
994127904902484008
1042407413199933501
794258684699213854
1301821790817095680
1143968995322646600
1124714668309622865
886475257039441970
360165788327477250
900843449408966676
214187307765334016
1311386274963394692
379490142609604608
914369292986896425
566686382559592496
1037905312579076197
165897377088143360
1000192727163617342
590040205172539449
785685123831169035
763873009420599346
412240950740385832
415701463352737824
200083913878667265
682954452310949910
186256957085057024
792547537361567784
951995788286890124
201834469080956928
995084788744605776
1225873171475992576
644337832520843274
1092240391211843656
788552567475011634
676609208212258858
1312261647993147424
915767811341684818
153728555916722176
520797425405788170
372860540797583372
1347935064150769745
315615309891371011
940427599136555059
712187323156004977
381869512133181441
1353519699895386172
506490487985668106
498360390930137088
1141131276028481577
369988049708384286
148793051572207616
208027584263487488
252925068693340160
213340093312794624
725772367284142080
522268656751607838
363505558134718475
363526834740133888
594308010864672771
1357240447054909552
280847435247517696
1208541465974669400
302586889439805452
863606148622843924
1319445490105978911
154714395145011200
573573524006895626
141271436642877440
106505143133945856
626003434272718848
458390484113424392
190883139680206848
1279376154054365186
337650099486195712
401407419307130891
339280283259895809
366719975358201857
187271582673010688
218107200566984705
773510070716727306
1228162818508062792